image_width: 1920
image_height: 1080
camera_name: usb_cam
camera_matrix:
  rows: 3
  cols: 3
  data: [1386.907625807497, 0, 903.6839705247655, 0, 1392.724094665846, 608.9721579321895, 0, 0, 1]
distortion_model: plumb_bob
distortion_coefficients:
  rows: 1
  cols: 5
  data: [-0.4574840614753187, 0.1599994787837557, -0.01151063610041942, -0.007993760141732344, 0]
rectification_matrix:
  rows: 3
  cols: 3
  data: [1, 0, 0, 0, 1, 0, 0, 0, 1]
projection_matrix:
  rows: 3
  cols: 4
  data: [988.93896484375, 0, 826.0023304973147, 0, 0, 1284.59814453125, 610.7577202880348, 0, 0, 0, 1, 0]